34 64 25 12 22 11 90 77 33 12 69 
34 25 64 12 22 11 90 77 33 12 69 
34 25 12 64 22 11 90 77 33 12 69 
34 25 12 22 64 11 90 77 33 12 69 
34 25 12 22 11 64 90 77 33 12 69 
34 25 12 22 11 64 77 90 33 12 69 
34 25 12 22 11 64 77 33 90 12 69 
34 25 12 22 11 64 77 33 12 90 69 
34 25 12 22 11 64 77 33 12 69 90 
25 34 12 22 11 64 77 33 12 69 90 
25 12 34 22 11 64 77 33 12 69 90 
25 12 22 34 11 64 77 33 12 69 90 
25 12 22 11 34 64 77 33 12 69 90 
25 12 22 11 34 64 33 77 12 69 90 
25 12 22 11 34 64 33 12 77 69 90 
25 12 22 11 34 64 33 12 69 77 90 
12 25 22 11 34 64 33 12 69 77 90 
12 22 25 11 34 64 33 12 69 77 90 
12 22 11 25 34 64 33 12 69 77 90 
12 22 11 25 34 33 64 12 69 77 90 
12 22 11 25 34 33 12 64 69 77 90 
12 11 22 25 34 33 12 64 69 77 90 
12 11 22 25 33 34 12 64 69 77 90 
12 11 22 25 33 12 34 64 69 77 90 
11 12 22 25 33 12 34 64 69 77 90 
11 12 22 25 12 33 34 64 69 77 90 
11 12 22 12 25 33 34 64 69 77 90 
11 12 12 22 25 33 34 64 69 77 90 
